200
1 2
2 3
3 4
4 5
5 6
6 7
7 8
8 9
9 10
10 11
11 12
12 13
13 14
14 15
15 16
16 17
17 18
18 19
19 20
20 21
21 22
22 23
23 24
24 25
25 26
26 27
27 28
28 29
29 30
30 31
31 32
32 33
33 34
34 35
35 36
36 37
37 38
38 39
39 40
40 41
41 42
42 43
43 44
44 45
45 46
46 47
47 48
48 49
49 50
50 51
51 52
52 53
53 54
54 55
55 56
56 57
57 58
58 59
59 60
60 61
61 62
62 63
63 64
64 65
65 66
66 67
67 68
68 69
69 70
70 71
71 72
72 73
73 74
74 75
75 76
76 77
77 78
78 79
79 80
80 81
81 82
82 83
83 84
84 85
85 86
86 87
87 88
88 89
89 90
90 91
91 92
92 93
93 94
94 95
95 96
96 97
97 98
98 99
99 100
100 101
101 102
102 103
103 104
104 105
105 106
106 107
107 108
108 109
109 110
110 111
111 112
112 113
113 114
114 115
115 116
116 117
117 118
118 119
119 120
120 121
121 122
122 123
123 124
124 125
125 126
126 127
127 128
128 129
129 130
130 131
131 132
132 133
133 134
134 135
135 136
136 137
137 138
138 139
139 140
140 141
141 142
142 143
143 144
144 145
145 146
146 147
147 148
148 149
149 150
150 151
151 152
152 153
153 154
154 155
155 156
156 157
157 158
158 159
159 160
160 161
161 162
162 163
163 164
164 165
165 166
166 167
167 168
168 169
169 170
170 171
171 172
172 173
173 174
174 175
175 176
176 177
177 178
178 179
179 180
180 181
181 182
182 183
183 184
184 185
185 186
186 187
187 188
188 189
189 190
190 191
191 192
192 193
193 194
194 195
195 196
196 197
197 198
198 199
199 200
1 200
95 132
45 30
179 48
165 24
88 64
8 78
140 128
127 161
151 26
193 123
60 184
103 116
150 167
148 13
173 189
12 157
103 77
148 90
123 168
165 72
23 26
42 85
41 194
84 13
158 150
143 126
189 166
38 51
77 70
26 179
152 156
70 194
177 103
117 197
159 45
34 28
101 155
63 38
22 155
168 50
36 4
155 128
140 71
74 20
170 119
91 179
66 161
75 68
157 195
93 51
41 109
131 74
39 170
105 184
152 39
1 134
35 96
20 148
25 58
121 149
71 79
141 143
142 115
81 184
101 19
13 188
41 151
158 46
164 89
73 132
33 53
37 188
86 181
176 181
87 155
115 6
77 54
56 176
193 183
16 62
9 131
44 28
135 134
184 36
197 196
171 60
148 168
3 49
17 193
110 145
137 120
84 171
156 31
118 62
165 116
181 106
128 53
191 133
129 200
133 172
85 24
151 128
75 151
188 54
135 129
138 133
10 116
88 13
84 88
74 131
127 22
11 154
67 191
107 77
190 166
83 51
149 110
57 132
92 161
86 30
49 39
164 193
13 178
68 187
181 3
67 158
200 53
148 55
197 177
120 80
106 103
152 174
48 41
4 162
179 86
122 30
145 184
114 17
116 184
109 35
28 175
64 178
84 64
182 31
29 121
38 30
162 103
37 172
28 108
96 35
79 14
110 26
109 140
92 32
20 14
128 102
104 137
102 7
141 119
154 110
160 134
190 102
117 13
128 99
166 28
55 54
97 99
150 170
89 200
47 22
66 178
18 86
168 179
37 17
118 110
82 115
167 134
131 107
13 150
130 71
42 9
182 166
192 149
130 161
119 54
46 44
47 173
29 92
58 101
155 6
179 4
172 126
144 82
174 146
180 49
150 61
91 82
127 91
141 196
179 142
155 38
120 21
139 97
154 108
83 14
100 179
75 115
2 162
5 97
102 152
81 18
22 121
152 83
82 140
82 127
162 140
97 136
127 138
142 192
166 189
30 89
60 150
144 69
182 200
27 86
110 154
67 131
87 105
49 161
126 74
104 182
123 15
61 60
134 23
80 140
107 62
125 180
41 174
8 146
162 134
136 200
166 197
16 88
175 98
60 115
90 10
154 91
130 122
153 173
106 53
94 19
4 91
50 141
35 94
138 117
85 32
59 62
33 87
94 76
111 159
119 62
77 67
88 74
121 146
30 76
50 170
111 107
161 108
118 106
186 119
167 67
140 60
121 87
137 147
38 86
171 1
95 44
141 190
142 71
120 95
131 174
127 142
180 60
200 17
156 79
133 122
167 173
116 61
64 40
16 126
175 65
55 190
40 73
6 31
16 122
186 197
155 3
28 3
77 171
87 167
152 72
188 153
167 36
175 35
14 173
105 197
125 100
153 9
23 181
171 170
146 120
61 124
17 83
16 187
173 106
193 195
132 41
45 182
49 38
19 79
96 46
145 1
191 78
10 116
137 78
67 193
74 131
180 17
69 147
153 104
195 166
40 170
175 108
79 95
77 110
131 13
136 125
165 30
40 137
168 136
109 75
41 34
128 176
80 85
181 115
19 177
145 71
71 20
94 128
165 43
103 95
9 143
52 124
23 167
9 103
197 94
69 9
75 98
184 187
176 174
89 182
54 53
67 74
183 107
104 166
70 195
110 180
9 192
5 176
6 102
88 174
33 12
7 156
98 190
197 106
129 36
155 4
168 112
200 12
64 99
190 157
196 181
5 93
46 92
49 184
27 20
13 78
100 116
59 115
3 50
120 110
56 189
2 8
13 81
98 36
133 10
182 183
79 51
148 101
40 178
76 187
32 103
16 144
181 114
33 180
196 164
176 26
28 103
109 107
88 160
101 120
7 144
21 141
16 85
143 200
185 129
153 154
59 36
132 73
98 82
66 85
62 27
58 143
174 78
50 168
119 166
193 43
162 44
64 112
159 111
191 26
68 81
53 57
95 22
6 142
120 190
118 165
192 97
171 25
81 170
64 70
175 70
87 171
170 199
49 109
138 136
166 85
42 174
60 196
113 197
171 33
79 6
89 59
124 193
88 39
125 168
36 200
103 35
95 18
72 154
149 187
1 119
28 141
165 177
198 77
136 122
194 60
48 22
135 59
99 67
40 92
42 52
12 37
126 192
188 189
199 130
44 169
18 98
98 74
26 1
164 110
122 1
16 111
26 120
116 61
69 180
120 127
117 157
84 188
53 176
90 145
136 42
193 144
157 121
173 134
109 52
18 108
199 47
116 81
48 179
119 139
13 3
189 127
195 42
34 89
194 105
69 72
51 42
170 121
135 117
153 70
48 28
176 58
152 163
183 131
28 100
48 178
120 199
78 198
71 119
195 13
131 185
186 11
158 155
6 135
3 165
193 88
37 144
131 113
88 151
70 53
181 150
131 99
141 160
151 5
57 187
27 93
40 143
197 44
70 83
157 193
58 3
155 74
168 188
90 160
191 13
150 164
70 144
42 193
32 49
64 190
68 34
90 197
77 192
120 168
162 16
164 118
178 138
101 163
92 160
120 141
96 21
181 191
6 33
129 25
53 3
190 43
21 196
77 29
193 139
67 178
56 124
170 17
105 190
166 153
181 29
20 120
120 115
18 183
92 37
115 28
99 199
127 134
74 160
126 94
75 193
41 103
5 83
168 174
25 94
61 139
8 43
67 57
165 45
93 190
174 5
182 85
67 36
166 188
21 72
95 64
197 190
8 71
102 10
87 37
77 46
175 140
21 159
92 164
107 53
187 108
38 115
11 54
140 85
29 104
134 81
109 191
163 70
34 123
146 73
28 91
105 3
179 73
120 193
172 74
4 46
168 45
146 67
95 111
68 34
9 105
96 23
139 12
72 27
200 142
128 135
178 39
148 195
127 146
149 178
66 20
91 65
127 74
187 41
128 102
132 179
2 148
141 71
134 30
7 173
63 15
86 132
36 42
9 125
175 106
166 73
167 119
182 146
31 196
94 170
82 47
178 78
38 122
128 80
106 152
189 92
49 100
59 132
5 41
45 35
194 141
126 67
197 86
5 46
91 164
14 113
50 156
199 177
188 140
174 23
179 135
171 57
61 156
14 60
14 146
57 44
82 62
189 116
118 72
19 122
13 155
3 36
57 108
89 118
72 75
149 199
198 146
171 101
89 46
104 83
179 162
117 15
142 113
136 144
156 91
60 34
35 178
142 186
104 180
54 106
63 74
39 69
20 114
77 72
128 113
107 197
148 13
150 194
192 76
24 60
36 90
177 173
56 42
38 99
199 60
13 32
165 137
87 61
161 32
54 12
63 82
12 143
97 101
199 175
151 129
143 177
35 56
187 59
23 52
100 136
21 113
155 105
102 92
35 143
90 49
170 115
135 140
38 9
40 138
120 53
12 24
181 132
114 58
187 83
171 81
41 49
30 153
21 180
124 6
115 156
11 108
96 84
25 44
180 12
10 118
117 174
128 171
196 91
51 125
51 137
79 169
122 193
170 56
64 62
173 116
94 10
89 54
190 65
156 180
74 85
32 179
57 148
176 25
21 110
12 120
105 167
31 41
75 161
145 41
81 93
197 89
172 132
25 156
158 23
50 64
18 67
62 147
7 107
191 75
23 168
143 89
95 133
137 194
29 78
23 114
116 1
88 176
118 190
63 97
109 145
105 47
137 124
57 83
182 146
63 94
59 111
63 70
44 82
190 116
35 158
140 62
13 55
190 57
68 86
21 30
88 195
76 82
64 158
74 37
198 90
47 140
22 140
91 130
183 99
169 1
38 188
195 150
157 76
146 16
2 161
162 119
107 52
119 16
194 44
63 190
103 52
74 82
60 118
73 26
171 9
121 53
54 49
136 148
152 1
154 159
18 187
185 28
186 84
137 14
3 95
125 64
145 32
144 5
102 190
92 168
93 73
58 176
190 160
155 94
111 174
44 112
23 52
188 177
196 51
169 58
41 1
10 17
142 90
75 40
63 9
74 41
78 120
176 150
4 52
32 99
156 164
126 76
54 91
40 133
33 78
2 80
2 161
83 98
2 60
176 28
85 54
179 85
18 34
47 200
21 50
87 128
187 9
166 189
66 138
106 5
111 199
174 77
149 64
128 159
72 166
198 55
41 20
50 185
165 68
51 187
99 105
18 111
199 26
65 68
197 154
47 174
88 77
152 113
46 77
46 73
139 1
19 27
106 187
73 104
58 82
144 136
43 162
12 156
50 80
29 163
91 49
117 104
132 22
174 98
174 75
142 108
130 153
119 43
67 137
73 79
150 26
87 123
6 124
190 188
11 140
149 148
198 106
126 152
171 147
39 178
19 139
83 179
197 71
94 89
80 135
160 56
36 1
139 131
3 86
159 157
146 22
15 68
112 158
30 10
73 111
123 76
172 52
184 139
69 181
178 199
118 10
169 57
104 123
6 27
41 192
172 60
169 124
33 170
21 26
190 10
64 42
62 178
114 49
130 97
176 115
43 80
164 37
110 85
187 93
185 168
97 102
130 136
15 144
119 86
104 66
108 37
133 99
195 54
26 48
127 146
118 115
98 44
51 161
190 138
115 77
186 179
151 119
200 102
27 52
6 193
13 51
93 96
30 186
125 134
121 24
85 179
60 22
199 174
47 72
20 138
158 9
52 36
196 154
31 161
74 41
178 127
9 162
67 143
8 96
24 186
156 49
131 114
19 115
72 19
63 119
78 162
183 39
100 51
83 162
50 152
27 151
182 97
39 155
121 63
26 106
132 55
78 153
23 1
72 151
198 174
14 134
123 127
175 173
11 117
136 190
21 100
58 176
23 139
23 134
46 180
52 162
35 104
86 12
121 31
5 123
25 27
199 69
187 46
188 65
30 121
129 153
191 28
37 174
28 57
78 43
143 142
60 192
145 106
99 9
10 29
78 139
77 172
105 155
66 196
104 7
75 62
26 198
36 43
126 16
181 69
85 104
73 67
198 12
53 131
100 152
184 168
76 171
129 35
99 131
149 37
42 16
179 90
24 3
111 13
133 47
7 187
85 82
8 140
36 55
50 37
13 52
169 5
194 105
142 154
188 39
165 170
74 37
60 127
82 168
135 138
189 173
149 146
122 124
88 21
23 87
198 26
61 174
46 190
187 82
168 193
95 192
19 108
103 192
74 77
169 51
143 21
186 142
63 42
108 27
61 53
167 54
3 20
55 110
183 89
88 101
46 122
190 1
44 109
23 22
152 110
44 165
1 185
78 200
180 183
18 13
27 193
103 20
52 32
66 98
169 193
48 105
37 15
172 183
128 158
112 85
130 57
3 139
34 76
119 101
48 118
46 185
193 31
138 29
149 146
119 152
103 88
31 154
132 178
180 119
80 190
148 195
10 9
105 61
37 181
106 133
18 29
175 178
18 117
93 95
182 87
2 27
198 71
153 184
125 1
64 169
95 198
12 29
133 139
78 32
194 159
160 52
59 185
80 47
11 69
104 188
81 197
72 10
77 101
34 117
110 23
170 61
118 74
142 28
71 129
1 196
121 183
157 119
192 159
169 32
125 163
132 112
152 90
150 77
94 87
87 122
71 27
66 95
118 89
103 8
174 107
100 91
139 67
163 99
15 74
44 125
161 85
125 41
58 134
156 52
51 39
143 24
128 171
142 148
47 89
69 175
46 88
190 137
168 175
198 26
119 34
53 10
85 157
68 116
153 173
187 67
16 185
148 8
149 162
72 191
42 124
32 59
183 125
33 140
78 70
169 27
44 131
160 85
139 177
48 122
119 7
96 46
119 117
199 9
71 169
162 34
73 184
21 38
82 175
47 126
161 68
15 98
173 55
40 79
95 144
197 155
90 186
141 128
59 104
92 164
52 32
188 156
197 87
62 112
41 22
104 138
187 128
199 93
106 89
119 108
23 17
182 52
129 99
181 24
18 170
40 113
151 189
78 24
200 69
6 156
114 131
23 83
3 25
87 79
8 30
37 32
146 123
30 97
147 102
54 65
69 99
75 91
111 103
17 47
90 52
38 143
154 132
183 185
68 13
178 191
97 118
170 37
40 37
49 59
7 8
42 54
144 81
38 63
102 144
117 157
155 76
74 7
89 32
92 136
126 198
118 103
65 100
100 197
8 130
62 174
144 135
46 159
111 198
64 48
134 106
75 137
20 96
119 77
116 16
143 138
189 121
164 59
30 127
61 8
22 85
120 197
47 81
175 123
81 50
37 167
114 99
30 90
15 140
36 140
75 177
126 2
115 50
7 144
194 20
121 164
107 164
183 42
96 166
11 73
152 81
51 79
1 39
118 147
151 17
106 22
31 37
2 116
90 48
145 110
107 129
148 132
101 103
60 156
157 53
106 78
113 139
128 119
183 90
49 99
34 170
142 115
118 110
143 136
188 14
78 90
120 197
57 54
136 34
105 16
117 175
195 96
189 1
179 199
105 164
40 60
197 1
168 83
190 142
80 192
26 8
111 171
125 5
115 166
63 55
119 134
70 33
30 127
173 37
55 50
172 185
117 19
150 65
41 28
173 147
22 55
165 154
167 158
174 181
15 111
176 140
99 163
139 87
188 52
173 87
161 128
4 175
88 175
84 85
143 158
70 114
113 109
105 11
118 1
55 145
94 175
59 107
199 128
36 137
154 190
28 7
49 82
196 151
49 180
168 18
93 41
104 25
138 4
109 116
126 2
3 25
152 194
68 141
183 149
33 34
159 33
86 102
91 26
125 21
186 8
142 2
99 77
120 25
140 50
65 47
49 112
197 199
135 68
14 186
118 166
70 145
54 123
66 51
84 102
106 94
190 94
184 36
128 200
146 76
5 187
156 161
11 28
112 95
30 183
49 61
171 5
141 157
98 59
94 91
198 73
158 194
165 7
140 181
64 124
57 110
185 180
35 42
109 112
105 153
129 77
7 157
85 97
64 49
65 157
122 144
128 133
83 101
85 133
25 64
10 199
32 190
48 185
50 32
51 11
84 61
71 4
36 50
64 55
122 62
173 81
52 177
56 194
186 83
48 28
9 194
170 64
137 155
27 119
104 111
175 142
31 24
32 29
73 43
134 92
102 24
51 32
42 78
36 101
180 89
175 96
6 75
11 97
8 191
50 25
103 131
79 22
185 41
5 3
197 51
165 151
22 128
122 51
192 13
139 158
129 88
32 122
111 169
152 30
95 80
21 78
16 173
27 23
56 129
152 125
67 118
30 109
35 167
101 59
184 69
146 155
113 129
77 56
138 77
178 108
179 187
124 198
193 114
46 162
121 72
135 95
110 131
73 187
194 52
23 178
100 61
197 32
77 160
174 23
166 3
136 71
46 152
79 126
141 180
173 83
153 189
39 52
138 163
17 46
65 168
173 116
54 93
89 57
12 101
182 143
175 169
100 158
84 60
43 22
65 104
32 77
89 159
105 41
194 90
155 153
184 53
81 19
101 117
57 131
177 67
68 155
62 55
78 110
22 123
145 32
154 19
53 14
36 99
146 21
121 145
118 26
37 150
171 6
137 49
136 5
75 196
79 11
140 74
187 78
170 183
185 39
53 148
115 46
93 28
160 46
69 119
38 129
153 15
115 161
168 61
7 32
100 2
7 96
53 69
7 99
4 56
23 167
192 132
70 132
75 7
19 20
115 164
106 112
31 125
198 42
53 133
98 71
170 192
85 7
42 12
198 139
142 105
54 124
19 79
180 75
142 73
184 69
155 86
32 119
34 123
76 88
195 92
146 20
92 135
88 129
100 110
46 140
88 73
19 14
153 25
149 120
154 23
78 45
1 104
126 105
156 80
132 26
53 125
103 78
75 81
140 185
154 78
124 152
109 183
93 174
53 41
150 163
51 43
73 45
54 112
3 31
124 107
191 8
119 130
96 26
27 141
48 60
28 146
191 63
132 13
98 164
41 73
192 67
24 124
145 131
189 147
56 47
153 114
178 30
167 50
65 142
95 20
7 188
92 4
124 135
158 10
20 31
82 198
123 138
26 9
69 92
15 34
188 43
188 17
74 96
136 45
147 66
67 173
33 52
102 55
171 94
93 156
149 127
5 50
133 60
59 173
159 8
48 21
41 143
196 67
174 200
131 123
78 138
164 151
163 89
174 51
174 38
167 78
192 89
172 93
185 5
45 198
136 141
68 179
126 124
69 95
121 154
147 100
171 59
198 192
103 65
8 61
192 112
108 122
180 101
145 108
66 12
35 94
195 165
106 150
127 41
7 64
194 73
128 39
186 110
99 168
145 20
91 129
193 198
131 40
152 26
65 196
1 141
167 159
82 53
1 163
117 142
45 196
93 136
9 189
5 140
87 185
66 131
120 82
110 190
115 59
92 158
55 95
43 42
74 109
6 85
118 4
199 141
192 27
5 61
199 131
175 62
144 90
27 141
141 163
3 169
49 15
54 170
129 195
9 47
148 22
136 188
190 142
68 75
82 45
92 52
199 91
38 135
58 12
117 38
94 13
82 182
160 157
22 179
46 121
166 17
158 86
8 88
132 59
28 143
63 96
12 94
127 56
52 172
93 64
164 160
116 135
170 133
25 62
192 126
122 96
30 81
3 41
185 58
71 197
182 43
30 117
86 85
17 173
51 180
158 2
85 174
92 188
161 49
104 136
3 58
40 162
179 5
156 11
127 120
156 163
50 83
54 136
63 109
66 191
145 90
43 89
105 104
199 178
62 101
152 15
136 166
83 161
79 22
81 171
27 195
31 146
139 164
152 173
95 157
136 7
71 116
97 19
134 3
159 95
95 5
12 170
81 197
51 60
153 124
70 198
95 102
13 139
139 113
2 47
56 155
190 5
156 96
146 106
123 80
141 6
30 19
33 44
133 152
7 191
124 130
9 75
48 129
168 85
8 118
94 52
14 148
148 133
69 128
42 73
96 41
72 80
9 149
176 172
147 39
126 198
54 155
93 94
125 134
73 114
195 8
85 94
172 160
11 25
110 197
150 133
55 156
102 16
68 117
114 174
188 148
188 162
122 91
147 53
65 69
175 103
123 186
147 191
123 135
116 152
73 148
88 179
100 185
14 195
143 117
195 11
148 24
32 127
194 56
102 191
72 69
9 71
3 132
78 83
77 165
155 172
157 64
16 134
19 51
121 188
19 68
78 159
24 30
95 111
67 106
71 191
56 179
190 55
117 167
198 48
76 113
127 146
67 54
82 185
132 47
149 71
128 29
5 177
92 187
187 1
36 149
146 48
27 40
32 142
161 56
126 68
50 183
193 195
142 115
159 23
126 46
102 60
176 35
29 33
60 141
166 71
12 109
31 130
102 58
132 154
77 75
47 57
108 91
182 150
35 156
180 2
179 7
123 155
129 2
57 154
143 153
125 140
76 71
136 140
141 172
144 60
115 142
168 178
58 41
5 127
76 137
42 82
130 89
144 85
101 169
146 163
162 85
85 151
47 77
173 114
90 159
183 45
100 147
148 125
41 157
185 14
32 188
101 16
78 43
107 198
99 1
52 54
199 108
123 152
49 145
81 22
93 141
75 6
68 42
55 4
43 39
2 17
44 139
155 178
114 182
154 200
84 56
186 43
175 98
6 162
136 65
158 161
55 16
96 68
29 169
139 106
181 73
76 26
154 56
76 134
109 73
24 152
68 20
58 117
106 62
7 15
66 97
91 12
172 147
159 100
45 68
119 121
139 199
104 145
98 47
64 56
65 151
170 149
190 60
147 26
129 180
2 79
50 178
71 7
12 101
89 21
42 94
5 170
168 43
14 18
125 136
200 53
105 25
125 178
168 178
99 151
192 194
138 190
58 174
128 35
47 145
100 83
51 94
4 2
132 140
22 76
65 130
192 134
114 166
84 31
161 194
4 1
197 83
3 169
21 51
47 77
188 74
55 24
82 180
154 104
108 160
66 92
144 73
55 127
97 51
107 88
146 190
137 133
199 3
33 7
102 11
79 6
99 77
149 143
10 137
53 174
67 2
90 11
159 64
40 103
8 102
80 6
88 44
173 147
179 1
119 45
96 75
81 194
26 83
37 183
189 98
177 129
74 34
154 118
127 129
188 149
124 13
191 197
76 64
43 2
115 161
104 149
43 105
191 87
4 109
82 32
8 30
5 15
148 62
182 9
88 139
112 9
38 174
108 87
104 54
85 62
99 148
39 184
20 16
48 19
57 118
19 29
42 171
111 13
56 178
133 10
134 77
173 79
17 12
40 66
135 145
47 162
48 138
84 90
53 186
164 113
186 26
1 134
121 133
183 15
52 172
84 195
140 78
82 14
148 155
51 56
74 6
175 59
140 134
130 39
136 93
175 5
78 105
108 48
97 154
36 9
124 131
61 18
154 157
33 3
101 92
196 32
182 62
45 164
58 28
95 11
44 73
88 101
16 188
48 34
8 134
10 50
178 137
163 34
131 110
13 141
97 163
152 24
97 110
70 115
180 116
101 82
193 167
109 115
39 137
40 41
8 85
14 153
68 58
57 68
76 98
121 136
91 149
174 113
32 159
59 107
32 118
20 125
71 65
14 161
44 17
3 67
90 147
159 125
79 56
168 29
190 26
150 131
57 50
183 143
115 15
81 134
152 88
58 101
4 178
122 135
18 67
80 86
13 78
197 22
46 3
190 183
145 200
197 192
122 100
2 169
109 114
47 96
61 132
185 82
69 111
105 95
119 183
141 97
194 70
180 117
162 32
200 113
162 199
114 60
96 110
170 19
72 31
75 121
39 47
35 93
84 200
44 3
91 139
113 38
145 41
132 111
99 20
97 98
167 83
12 99
21 37
114 97
10 66
161 187
130 159
33 23
176 174
194 151
42 71
77 29
190 176
194 54
70 3
137 30
139 27
95 113
28 118
90 173
156 135
140 2
186 33
64 89
109 22
88 12
176 103
161 53
168 43
189 195
42 89
124 64
114 180
165 77
15 24
157 63
42 71
132 90
9 73
48 51
140 167
114 13
4 47
120 103
47 191
41 184
121 199
140 114
53 195
149 1
53 140
115 135
110 176
73 133
193 138
83 109
145 93
130 164
143 10
153 169
125 36
118 3
199 129
35 46
167 28
149 51
24 85
160 78
42 36
156 95
113 193
195 81
163 191
44 93
193 123
147 94
193 120
140 190
121 84
153 63
67 65
33 104
185 182
116 115
161 101
56 20
95 190
20 163
71 82
180 136
14 85
153 137
24 82
139 12
172 132
46 139
150 127
198 167
194 68
8 38
115 37
147 81
72 165
87 157
132 163
181 195
182 157
105 125
196 32
13 155
62 92
11 30
182 124
154 97
154 74
90 180
196 131
157 60
148 171
59 166
152 122
37 171
3 166
48 27
26 151
146 176
81 107
1 8
49 142
28 167
60 95
128 194
159 72
92 32
95 113
7 53
18 56
140 27
186 27
98 129
51 164
107 166
119 84
82 177
102 83
123 180
47 93
125 49
29 11
117 104
100 39
119 82
27 58
161 100
103 60
197 63
133 194
90 177
44 30
33 76
56 125
56 67
78 193
39 186
83 192
158 89
26 55
126 150
119 90
147 6
191 183
78 122
21 1
7 78
165 185
194 37
176 103
166 146
84 41
49 173
168 116
14 165
89 90
136 57
108 86
87 35
116 47
185 37
98 86
149 12
22 37
181 9
66 84
131 191
133 145
18 104
90 22
99 158
199 185
128 111
178 137
36 85
31 53
15 67
58 50
4 184
156 64
180 22
158 80
175 136
36 62
24 45
122 59
56 77
176 138
12 35
17 120
102 89
78 102
41 189
95 116
33 100
97 122
182 90
58 143
46 148
69 104
166 184
198 55
132 36
122 73
171 186
199 76
137 139
142 171
84 43
115 137
113 50
181 26
161 4
90 64
55 78
4 196
27 103
165 37
91 144
143 13
179 11
44 160
31 193
170 34
187 51
128 108
42 22
150 198
200 162
33 160
120 67
179 24
118 10
173 105
125 200
105 168
22 167
9 83
33 75
18 151
22 60
38 130
109 19
139 10
26 107
88 43
177 187
3 62
189 100
170 193
46 6
48 82
192 87
79 147
55 17
83 60
92 128
181 46
17 117
147 85
71 148
149 74
23 11
99 183
173 69
86 132
37 47
105 82
9 36
172 13
169 78
161 109
84 33
185 2
80 95
4 57
9 97
72 112
56 195
190 121
146 159
191 44
56 16
32 186
180 28
74 195
86 20
131 65
14 38
96 64
23 106
103 99
15 99
65 181
143 156
18 4
130 73
188 122
109 68
18 167
107 161
85 109
124 50
108 135
167 53
93 30
192 194
1 180
68 150
103 152
149 43
30 61
18 83
44 134
112 12
131 23
160 29
188 150
25 140
157 56
115 4
187 64
98 102
33 163
151 84
136 127
162 109
143 115
95 105
94 129
27 67
39 47
104 96
124 59
198 149
61 2
63 1
104 148
131 42
123 174
63 62
174 152
94 176
17 45
3 34
124 113
19 101
133 173
182 168
89 169
75 200
49 167
37 5
69 92
149 84
48 36
8 59
180 15
190 150
49 96
130 139
30 153
161 143
74 195
72 43
150 164
90 14
197 96
3 6
16 18
2 19
146 19
99 81
161 43
69 43
133 115
104 122
20 72
139 3
162 144
176 198
157 37
161 200
12 147
80 149
34 160
197 1
122 200
193 195
176 181
53 173
139 60
47 139
32 30
65 171
120 102
21 132
32 97
46 128
4 122
148 30
139 82
12 152
138 118
189 170
156 152
120 108
69 13
1 155
149 186
195 162
128 167
184 42
119 162
194 168
29 94
64 113
200 98
66 88
78 170
70 99
171 164
152 58
61 144
18 81
127 116
71 126
86 24
50 108
43 138
33 34
131 22
194 35
65 50
144 111
168 77
9 77
150 27
177 44
116 54
55 38
49 191
34 109
37 61
167 124
20 50
126 54
193 8
141 31
5 128
115 28
170 176
29 60
71 7
9 103
105 184
23 129
125 21
10 194
179 42
121 31
52 51
150 31
113 144
85 176
129 119
16 57
181 42
152 45
200 198
34 8
17 158
165 181
64 111
2 109
47 65
90 137
52 98
92 110
110 161
160 142
124 107
84 170
109 69
69 170
134 55
38 154
44 142
31 97
185 182
151 115
81 107
35 197
32 78
119 100
190 165
117 16
81 188
24 105
34 167
144 161
127 136
194 122
96 72
99 143
157 37
185 186
119 96
160 41
171 168
109 189
83 123
136 16
47 110
35 94
131 50
43 56
141 61
30 46
85 119
25 87
69 56
103 118
21 121
172 39
28 30
86 193
177 70
94 49
12 187
71 46
68 35
83 98
156 170
4 175
56 175
10 136
80 46
172 135
109 153
54 173
82 35
53 4
124 81
36 170
164 200
55 143
106 30
142 26
178 135
77 135
155 171
120 143
114 51
171 13
119 111
127 82
79 149
1 169
16 110
183 23
29 102
5 10
116 196
9 61
17 187
83 33
128 36
54 114
31 44
181 197
89 151
165 174
133 38
56 179
71 74
79 189
36 87
90 123
44 9
114 157
150 12
124 76
1 8
128 81
152 111
2 188
155 36
28 136
14 56
39 89
191 27
43 35
54 1
180 105
165 173
162 174
193 140
62 45
121 143
193 107
174 188
143 28
133 113
180 3
40 136
156 11
13 190
175 78
109 186
183 187
73 132
122 35
120 31
68 147
86 166
144 113
68 15
16 108
184 59
23 22
80 75
152 134
85 9
154 167
145 20
91 141
172 7
101 69
134 87
191 78
113 117
144 102
24 157
141 154
175 117
149 174
114 124
69 23
10 59
58 31
12 29
143 183
12 99
144 152
168 73
1 35
158 66
120 164
108 198
48 188
143 84
172 139
151 185
170 42
20 161
151 122
2 102
143 71
114 100
50 17
196 65
48 185
61 92
95 15
37 110
170 176
124 84
22 120
135 100
47 34
190 123
70 155
182 16
60 75
105 93
53 181
22 169
65 75
200 38
165 97
132 108
192 154
37 22
16 60
187 93
12 7
192 123
150 161
130 52
15 23
4 168
148 139
73 60
6 200
110 51
80 166
128 77
122 186
51 67
6 153
34 20
152 31
172 158
81 185
4 65
190 100
42 64
135 73
137 27
86 115
140 152
61 69
90 11
119 195
12 32
165 179
146 42
166 61
113 192
75 81
105 135
78 183
144 94
132 79
25 2
78 16
156 58
194 4
41 139
166 146
96 28
138 169
13 50
80 31
28 18
131 33
118 103
55 30
127 168
105 19
116 176
105 83
68 3
94 102
187 91
190 91
170 27
120 65
138 48
158 89
68 62
49 142
113 156
9 143
132 162
197 63
34 135
75 27
24 94
85 11
159 148
146 139
128 66
90 20
105 171
35 52
102 165
11 86
152 180
22 86
195 114
32 181
132 51
130 93
115 94
47 121
8 170
52 155
181 49
167 157
24 150
86 22
143 132
78 123
106 160
145 20
97 95
44 39
134 56
110 168
133 4
140 127
87 126
6 28
10 98
164 8
67 78
9 178
176 170
14 58
18 155
41 94
126 119
182 20
132 156
142 105
177 172
123 106
82 191
152 49
23 59
40 57
193 40
49 140
192 188
44 54
61 101
61 174
69 8
178 155
78 173
146 11
33 5
156 71
12 49
90 69
78 158
118 31
113 5
131 189
94 26
92 88
35 45
111 126
170 150
163 18
42 199
92 40
42 47
24 160
158 113
165 113
195 17
14 80
107 187
21 80
120 191
188 11
53 63
70 46
82 127
9 145
128 147
147 34
191 50
29 40
19 198
107 14
55 1
139 165
3 115
151 72
120 19
118 123
146 77
145 27
196 100
47 74
181 142
65 63
139 104
187 115
46 91
174 38
77 123
31 130
71 190
173 124
66 46
21 40
164 116
58 113
34 145
95 116
160 35
145 105
85 183
186 139
170 4
89 109
174 198
144 142
109 28
171 65
52 111
46 173
200 38
44 196
3 73
152 127
130 137
119 121
177 73
154 177
29 39
150 22
89 151
90 15
101 76
115 118
134 121
123 105
79 161
151 169
118 183
193 195
160 15
85 66
109 99
110 156
97 62
172 31
54 50
105 176
104 147
62 117
97 20
65 10
153 136
77 129
75 116
53 54
145 52
20 17
164 126
179 50
62 63
36 138
55 45
141 184
159 59
111 32
135 86
138 59
113 148
190 149
20 37
38 137
5 126
48 124
65 142
28 197
125 19
145 62
18 69
167 28
60 123
8 34
198 121
50 35
146 62
120 138
185 35
189 31
142 27
107 166
126 15
192 179
110 43
60 27
189 136
29 97
30 111
174 32
153 126
68 4
23 3
119 185
200 7
144 186
83 75
185 182
87 166
37 157
57 158
42 174
181 141
14 9
18 165
110 55
64 176
124 169
69 125
52 25
18 190
102 168
103 136
73 25
143 121
69 89
173 82
46 153
71 23
23 64
150 86
191 174
96 114
45 161
89 151
178 134
166 24
186 102
43 151
29 188
61 44
149 48
197 39
55 34
177 25
27 162
189 190
122 91
137 54
93 90
179 77
14 145
184 118
169 40
141 113
170 28
165 63
155 53
10 1
48 55
55 171
7 83
169 5
39 25
72 99
137 114
38 74
47 145
155 152
69 48
180 177
149 181
197 182
107 183
112 93
117 94
113 140
50 37
84 30
198 174
1 115
8 160
190 68
38 115
12 64
41 169
95 55
70 77
156 166
170 137
141 71
132 180
164 165
45 2
53 33
59 91
51 131
195 145
186 154
168 1
152 198
20 136
191 15
195 175
131 182
132 45
140 166
139 108
23 76
134 62
3 184
186 8
64 167
194 48
152 78
131 63
128 16
16 53
19 122
152 91
134 143
54 161
142 46
93 152
190 46
42 137
170 176
164 194
7 128
151 179
154 3
24 54
60 16
37 173
193 115
174 130
81 180
88 102
197 97
140 77
159 81
133 100
90 151
145 82
135 44
52 132
140 34
107 119
50 60
125 133
82 4
116 156
129 57
8 115
90 13
192 166
89 59
172 125
119 154
49 170
57 96
190 61
62 177
60 170
33 21
3 57
4 12
174 112
68 115
63 120
53 78
4 141
24 137
161 51
150 55
195 81
70 109
117 118
185 168
162 119
167 18
70 8
120 117
177 164
174 86
63 105
121 31
45 16
45 166
178 18
3 37
162 36
141 81
8 164
71 185
105 121
140 45
166 74
153 156
108 168
170 172
51 165
29 117
11 14
85 94
76 39
165 136
84 116
197 194
60 69
146 43
49 135
81 113
198 24
37 146
113 192
138 29
4 191
41 21
130 189
54 42
148 71
57 161
96 80
148 133
79 164
18 163
156 183
116 186
52 62
49 24
129 143
84 175
189 165
21 125
149 18
34 147
74 179
92 45
153 183
99 126
124 118
85 92
67 136
154 87
145 33
76 115
99 104
110 157
36 155
193 43
162 87
123 87
147 168
81 76
94 24
2 181
181 64
66 2
6 85
146 90
63 148
97 157
128 117
175 198
143 6
136 193
42 48
144 18
44 87
197 134
11 187
29 38
67 91
127 23
149 18
66 119
39 105
172 174
177 41
24 110
82 127
2 26
182 129
151 21
141 23
32 80
23 125
82 104
29 129
110 128
94 27
5 115
142 19
93 94
43 159
154 181
43 58
51 10
128 166
49 130
38 156
10 194
34 47
40 100
148 171
118 9
101 159
25 41
118 117
121 179
132 125
57 15
131 132
188 133
41 178
40 190
79 53
132 179
153 156
127 16
36 151
153 37
65 192
3 156
123 72
98 58
73 87
86 20
92 116
31 146
104 125
183 37
78 115
72 160
90 32
121 191
150 137
176 43
5 127
163 55
195 139
117 172
134 151
123 125
165 3
2 65
151 155
43 18
72 111
86 42
67 115
117 133
26 40
81 199
59 6
84 64
177 142
59 134
184 194
52 109
132 122
183 97
136 95
157 2
28 72
89 155
8 177
45 34
47 179
53 38
178 179
183 108
114 73
130 42
133 17
164 63
101 155
41 3
198 183
88 128
96 78
159 197
21 154
60 65
60 152
85 193
180 80
162 88
53 26
75 155
35 115
63 128
88 178
196 27
169 73
131 92
152 65
128 180
177 150
1 3
17 151
174 179
183 17
109 50
48 45
185 191
63 95
29 121
67 128
79 156
180 158
28 173
47 73
159 90
42 8
2 134
81 167
29 117
46 14
107 83
46 166
123 25
26 156
48 32
103 140
168 171
52 34
4 44
132 134
192 68
61 70
156 59
12 145
101 153
36 142
41 58
154 199
80 9
70 89
63 176
75 134
197 132
200 174
12 110
9 171
199 135
77 194
37 4
113 68
8 148
39 175
67 127
158 138
114 10
91 31
199 112
76 200
158 53
107 151
158 179
180 69
133 160
107 2
76 115
126 21
27 50
131 117
138 98
135 156
128 21
35 76
47 165
62 96
167 16
37 101
118 179
4 115
54 60
13 45
171 55
12 19
64 171
161 81
197 133
122 6
91 99
103 158
103 17
2 145
116 32
27 72
73 159
103 193
101 79
10 30
55 200
166 81
46 181
95 190
146 141
104 32
160 159
157 21
97 177
71 108
144 131
180 110
22 30
60 118
152 46
102 87
115 46
27 63
95 132
111 124
2 35
137 74
171 180
190 150
155 130
180 112
18 130
87 156
198 68
5 87
54 84
33 40
41 135
85 15
51 104
129 65
187 22
124 27
57 86
28 83
149 70
166 103
170 45
2 6
107 35
46 34
90 183
183 70
124 53
140 67
49 18
94 151
136 11
1 144
116 189
125 102
165 13
84 57
177 157
111 2
10 25
156 119
119 133
92 155
170 189
8 89
179 39
55 30
6 192
62 171
13 68
124 84
2 29
119 184
40 118
5 80
117 18
179 16
90 57
15 170
128 182
195 39
44 6
113 129
43 52
181 168
134 9
39 5
106 62
137 65
77 44
91 13
4 191
157 85
17 19
93 57
196 182
56 191
171 149
68 103
37 39
33 155
156 31
107 155
116 159
24 197
137 37
28 5
181 64
22 115
35 51
173 168
166 85
56 11
62 120
119 28
197 141
33 178
119 142
55 184
154 80
66 151
121 28
199 193
121 33
179 104
139 147
179 125
114 111
106 199
196 79
197 156
112 42
164 137
145 135
13 80
64 186
16 55
10 126
128 13
197 107
133 137
163 185
156 28
3 30
170 39
131 47
73 124
97 28
174 9
100 93
144 152
83 161
60 77
136 129
157 121
8 182
192 191
76 149
136 76
72 195
81 18
181 162
62 20
22 192
96 150
110 150
63 5
146 7
96 199
162 159
198 11
106 9
143 167
60 113
159 47
57 63
168 57
90 174
134 130
47 50
54 53
42 155
144 105
9 49
68 192
9 97
32 196
186 117
27 102
117 198
58 111
7 135
31 39
106 112
133 108
145 21
170 153
192 114
70 167
178 172
198 157
44 181
129 124
5 22
162 71
191 35
116 41
69 9
25 124
50 28
134 133
170 27
148 91
137 123
122 178
108 116
146 16
127 147
146 26
179 119
68 190
36 115
158 187
77 86
137 62
134 133
182 45
191 173
86 11
60 30
23 136
67 198
14 16
148 2
59 3
105 123
174 159
38 145
80 51
187 91
153 158
111 31
8 63
28 158
111 119
187 53
148 68
19 121
114 144
1 46
71 162
145 141
191 116
163 16
69 103
178 110
101 18
163 19
116 185
51 79
101 83
151 48
162 21
191 135
96 14
6 95
59 40
161 19
8 131
51 183
181 72
87 6
31 149
132 75
60 26
189 138
144 19
2 55
83 97
185 127
15 113
27 74
16 83
191 167
127 86
73 157
160 179
127 41
51 11
164 189
53 167
89 63
12 43
136 128
99 200
25 90
171 20
75 153
196 142
190 170
12 114
14 114
48 135
45 48
121 118
79 89
178 86
82 28
49 172
126 111
144 27
135 124
59 156
20 164
187 5
119 19
48 43
116 110
166 2
34 120
77 176
29 130
171 88
190 108
2 16
75 68
159 99
20 178
57 51
14 156
129 144
77 186
193 27
166 175
190 34
199 42
182 58
197 16
156 74
10 113
45 166
30 127
32 149
146 188
15 109
40 51
188 81
65 35
12 50
193 192
105 18
68 155
21 171
89 196
43 151
187 86
20 152
191 87
165 170
155 189
153 61
125 83
133 74
194 124
101 128
87 197
83 116
46 159
125 65
4 15
42 131
123 50
115 148
189 135
199 115
197 19
70 134
33 14
42 108
155 118
118 84
40 18
52 94
113 54
70 163
28 153
94 93
185 169
80 62
132 112
31 25
179 78
167 174
79 43
61 78
144 118
186 49
63 151
176 139
53 123
38 136
58 170
186 102
111 104
7 82
63 126
173 116
11 33
13 4
196 65
160 184
152 185
167 170
20 23
129 196
51 30
55 161
153 162
152 24
67 161
145 36
32 84
41 192
6 8
8 93
35 126
166 34
159 99
187 28
151 106
81 39
152 130
117 52
97 120
37 60
197 161
127 136
122 11
91 79
198 145
141 190
166 171
126 61
124 116
28 30
121 154
82 132
97 89
98 194
174 166
108 56
46 92
149 47
188 31
15 147
58 39
53 113
187 73
65 182
131 178
135 150
148 197
125 169
80 21
160 196
10 34
54 160
147 125
39 194
101 115
94 192
21 84
97 73
162 152
27 39
183 13
31 41
33 98
17 79
84 109
25 32
164 84
128 148
142 23
28 123
23 140
131 118
68 109
74 62
104 2
119 87
119 92
89 18
161 188
33 172
83 3
26 153
36 178
17 59
13 21
105 157
39 80
19 74
190 200
34 186
198 140
24 137
48 43
5 134
54 84
83 126
52 49
95 56
82 126
91 82
14 187
181 61
139 152
46 30
169 172
115 46
152 183
93 48
137 86
151 15
53 102
120 38
138 40
151 2
83 101
182 47
167 138
136 134
119 120
167 113
109 3
172 40
25 174
112 70
24 186
42 44
52 77
92 47
92 55
71 169
79 152
76 57
190 80
130 115
62 33
73 184
93 69
189 33
165 71
184 49
69 46
107 170
197 139
28 26
23 56
166 151
103 180
153 104
39 69
37 53
83 175
60 192
57 49
187 186
189 14
175 91
197 16
94 135
129 59
64 94
80 192
99 190
41 190
112 70
86 183
13 93
33 186
46 32
107 154
125 115
75 152
151 78
24 193
70 145
68 41
154 176
47 114
57 91
180 155
132 104
16 155
21 46
10 120
168 35
158 97
171 106
79 21
65 36
76 54
197 127
105 133
74 157
80 168
190 198
164 188
112 174
58 44
57 67
15 2
133 153
35 147
152 103
3 2
38 116
74 146
143 82
161 12
116 28
3 132
39 175
94 134
15 133
171 3
174 199
73 25
136 4
20 9
23 43
97 88
177 146
85 79
166 154
122 77
97 57
102 169
162 18
132 68
178 58
139 38
190 9
170 137
98 83
26 128
146 172
177 64
34 33
15 88
164 148
136 191
136 2
189 172
131 63
145 78
174 102
44 187
171 44
32 178
9 135
181 169
33 55
190 148
101 149
41 151
169 33
161 133
119 173
187 196
200 58
191 128
184 34
127 36
76 121
22 65
51 88
57 159
16 132
27 47
27 191
130 99
38 64
159 181
161 119
19 23
131 42
195 197
158 30
116 38
61 97
87 191
121 34
92 93
90 21
65 8
114 119
106 100
92 88
155 81
9 42
52 86
5 122
61 135
146 163
20 144
7 198
151 41
87 106
23 184
141 163
97 56
81 183
146 89
39 61
32 119
80 34
132 137
119 8
103 170
10 99
144 112
120 60
110 162
19 73
62 35
42 96
176 10
197 141
59 108
150 12
37 3
131 196
65 195
143 124
144 148
104 183
29 86
138 129
48 187
80 46
77 8
22 150
122 34
61 94
123 91
89 68
164 134
144 35
73 109
2 195
113 183
124 200
18 44
29 109
160 111
200 14
29 155
116 39
34 142
22 42
167 65
195 176
24 93
58 161
152 162
61 42
153 6
116 101
62 169
15 26
22 1
176 154
32 150
144 140
108 89
91 76
112 93
33 185
183 142
52 147
119 2
43 180
172 159
20 94
100 152
32 56
125 159
124 197
77 85
125 159
54 81
78 128
18 114
69 113
34 22
123 94
179 107
148 105
59 119
30 84
41 184
141 88
100 185
67 134
72 167
158 1
50 115
119 28
103 142
74 97
13 72
197 133
110 167
192 69
160 84
132 144
177 101
174 135
183 141
195 148
158 102
4 47
58 63
48 138
157 145
77 127
180 116
104 172
134 37
26 128
83 66
106 175
140 183
185 179
149 11
61 185
176 70
18 49
126 34
197 98
10 199
12 177
41 75
97 45
2 77
185 180
26 168
3 127
68 14
76 184
56 139
71 151
123 107
139 137
77 104
135 27
188 42
23 99
61 110
129 19
178 108
45 55
5 142
53 130
137 113
194 13
157 66
193 121
132 42
151 114
6 1
51 9
174 15
161 108
161 6
187 111
16 193
21 121
75 65
90 103
53 80
82 114
41 128
73 124
142 66
28 27
144 159
1 14
42 98
143 161
114 153
52 141
117 34
120 87
141 68
195 200
26 110
96 109
38 168
79 121
115 90
116 111
82 151
10 52
141 14
94 72
13 63
92 74
72 105
35 22
7 13
172 150
160 82
52 8
91 39
30 53
198 200
79 90
84 141
135 59
9 14
62 18
188 174
82 111
163 194
22 85
23 122
75 24
1 124
78 143
96 67
103 192
197 173
187 10
66 42
113 40
81 174
39 179
41 83
63 74
9 110
197 188
20 200
160 11
85 35
165 30
18 67
135 42
101 5
129 198
9 58
141 74
80 127
146 22
57 101
40 63
129 72
129 26
68 112
119 140
62 132
169 115
187 75
182 77
27 172
150 135
20 166
138 100
109 104
69 55
73 4
45 146
20 76
200 99
8 167
196 97
112 132
133 171
189 14
81 27
186 177
67 157
137 18
136 19
154 128
102 145
72 167
49 38
43 89
146 65
47 193
106 75
102 152
189 165
50 24
180 42
113 162
170 91
71 167
80 186
63 32
45 129
83 136
179 177
94 155
70 103
41 23
21 113
31 108
90 56
66 15
39 92
192 119
113 97
70 8
73 127
4 43
67 77
145 48
116 50
72 120
87 128
10 68
30 74
13 24
65 101
127 114
39 79
3 128
146 84
67 165
49 178
10 141
105 130
178 167
57 90
98 63
160 124
55 51
186 66
9 179
81 89
29 124
15 141
32 90
140 8
154 184
129 196
54 108
14 67
30 196
11 24
132 105
129 199
188 29
135 150
109 177
162 98
181 15
177 176
109 22
76 34
39 20
183 44
184 171
166 70
32 121
94 170
49 168
138 130
146 10
179 177
92 166
154 167
157 34
86 8
88 102
195 133
81 129
135 47
87 7
174 81
61 122
11 154
150 109
46 119
5 122
35 144
171 2
128 12
199 145
17 152
19 175
103 178
85 84
89 192
54 151
169 101
131 148
25 2
60 159
163 60
64 125
64 132
19 104
184 89
7 161
144 178
97 21
139 9
109 92
17 25
106 200
50 9
170 147
37 29
83 27
149 116
157 83
120 55
187 173
108 118
144 29
78 121
59 100
153 182
65 166
116 92
34 174
109 143
63 159
152 143
32 27
138 107
169 186
191 107
53 199
84 200
2 135
47 190
60 186
36 148
196 133
74 18
107 48
103 9
19 98
106 35
14 122
176 169
102 34
61 4
104 48
184 6
123 147
125 115
108 50
168 43
38 121
19 5
88 32
67 29
180 51
176 123
166 65
114 106
90 159
146 91
62 200
113 59
198 9
186 49
187 57
114 121
112 54
183 54
129 142
141 197
167 53
29 157
154 163
163 150
101 147
153 4
103 75
85 83
37 170
92 3
57 53
118 161
53 73
20 73
45 132
142 139
145 20
67 70
88 191
48 180
96 53
127 196
46 42
194 114
116 198
176 113
116 127
136 130
83 130
163 132
74 184
120 97
49 34
17 85
88 123
179 110
60 166
107 53
94 25
53 30
49 128
59 140
94 193
200 35
195 131
55 64
13 185
168 182
105 165
8 71
185 168
116 100
122 138
107 119
42 13
35 132
119 196
200 198
6 144
112 1
101 156
94 84
60 185
124 85
58 102
187 134
19 2
17 64
178 66
173 70
49 155
170 131
154 45
168 158
149 122
99 38
162 55
200 186
187 149
158 21
82 125
90 168
139 40
187 179
193 92
115 146
194 81
139 115
55 2
65 135
49 178
193 200
170 197
77 196
57 98
194 74
54 78
71 142
112 136
138 80
200 159
49 118
52 132
80 160
113 16
17 194
18 126
150 43
152 184
85 55
87 8
1 18
174 149
70 65
107 122
90 5
59 114
165 74
148 143
66 138
93 47
46 191
28 128
18 142
47 140
11 163
161 20
160 91
169 91
36 30
20 101
67 170
114 113
144 40
137 39
174 85
90 191
70 169
78 143
155 95
142 166
173 46
87 172
37 156
133 76
12 127
129 2
41 160
96 44
37 171
200 11
96 127
108 180
17 49
43 136
8 81
139 99
17 191
167 55
153 149
82 37
1 126
160 5
142 184
94 79
138 46
186 15
185 160
147 140
1 143
155 124
19 183
199 65
20 67
70 4
169 108
49 7
181 33
157 174
75 200
95 33
81 80
113 59
72 109
16 150
145 126
190 120
107 2
17 65
141 185
114 127
78 139
81 61
144 55
117 13
63 99
163 120
197 150
129 70
182 170
129 27
24 15
135 171
57 1
123 149
166 164
68 51
35 152
69 110
120 28
93 177
160 190
117 6
57 7
160 108
57 94
50 26
81 176
151 114
63 23
89 156
152 34
145 40
18 97
119 118
18 126
157 15
138 154
16 198
12 17
129 74
166 85
186 10
34 103
84 157
189 122
82 96
123 191
81 103
154 83
180 139
67 58
177 122
97 173
96 178
69 146
79 70
12 11
52 198
83 31
98 184
113 148
37 155
21 182
14 94
68 112
122 200
24 56
124 20
181 39
187 8
35 7
78 64
89 48
155 102
49 36
153 32
100 86
112 52
180 30
154 151
20 9
22 7
151 165
161 145
54 60
36 128
177 70
68 76
97 139
146 125
148 47
86 72
181 50
105 200
89 107
177 35
190 95
175 195
97 41
53 151
54 16
35 175
126 26
163 116
42 56
105 179
40 183
87 147
8 136
90 18
107 164
158 151
196 34
9 37
189 159
86 149
160 35
166 57
188 191
59 9
7 107
186 75
50 13
185 178
178 67
139 104
54 183
100 132
123 74
110 193
177 181
47 14
1 71
161 30
115 76
32 59
26 12
88 2
173 109
47 165
21 57
164 6
188 125
74 47
67 147
77 72
137 85
8 78
24 65
63 128
169 191
165 176
171 173
111 27
195 14
143 172
83 45
93 176
29 83
165 128
21 14
143 123
196 152
91 96
94 158
167 177
145 79
133 71
47 129
197 166
62 192
150 83
43 40
5 183
87 20
182 19
94 99
110 74
85 71
142 130
34 50
2 87
37 15
124 65
2 31
67 92
139 164
80 30
151 198
123 199
139 64
174 157
110 143
193 165
34 9
23 41
124 26
180 192
55 125
88 185
3 173
184 65
133 111
46 73
136 89
117 200
77 58
13 87
169 114
138 170
154 170
32 108
12 17
186 59
79 161
176 132
129 96
146 137
46 14
141 40
185 63
172 144
146 103
199 123
120 85
112 58
67 66
27 145
146 66
77 8
77 59
200 16
149 24
178 74
158 178
147 97
63 167
16 140
114 43
170 24
5 147
169 61
198 161
170 191
140 19
59 163
24 169
168 21
83 79
109 119
33 173
88 7
94 136
53 47
99 11
192 169
198 186
33 163
117 190
54 42
197 61
2 122
72 166
174 148
25 22
200 58
71 100
93 111
76 83
51 6
67 84
24 145
21 69
175 54
190 151
135 37
90 68
9 170
177 13
75 5
121 183
198 14
27 125
187 29
199 27
196 36
1 49
182 96
23 138
133 64
37 127
27 32
43 153
50 144
82 173
195 188
39 118
58 136
127 112
151 54
161 49
86 70
131 73
124 85
116 174
139 23
149 3
46 2
58 128
191 177
182 194
11 107
10 75
135 101
22 127
56 170
104 64
67 188
63 126
19 151
21 46
78 56
119 143
59 169
200 192
95 114
166 134
57 189
44 112
124 6
4 104
136 67
192 5
147 104
136 60
129 79
92 14
140 174
141 38
106 199
86 45
25 83
61 119
128 63
116 85
179 95
178 145
9 135
57 156
73 111
165 56
133 61
158 80
78 49
60 35
47 37
152 124
172 46
50 46
180 79
75 116
189 83
93 172
29 44
17 41
55 34
77 153
73 199
159 116
58 145
111 130
22 187
9 94
165 161
154 13
149 58
118 34
192 155
193 10
6 121
20 87
139 141
68 160
172 45
58 47
112 105
82 182
105 92
101 176
60 77
152 97
154 54
70 64
54 92
141 169
25 172
166 143
49 165
34 41
187 32
108 6
43 161
75 19
22 63
79 98
74 58
94 56
33 142
185 180
200 49
75 125
54 177
47 41
179 154
43 53
58 132
46 183
55 104
115 88
129 53
88 98
185 14
137 178
139 98
75 139
199 35
93 33
142 129
32 7
195 178
98 166
149 172
118 192
23 17
147 85
58 46
26 153
155 22
194 131
46 152
176 152
28 185
107 25
75 82
126 35
59 160
133 181
57 119
65 68
28 13
53 24
102 177
83 163
98 84
109 107
137 25
28 168
136 118
102 32
74 118
166 64
41 181
143 94
96 52
30 5
162 9
146 130
110 2
189 46
194 74
36 144
166 61
160 183
29 62
141 68
138 185
173 78
29 147
61 64
148 44
45 85
22 197
178 7
82 166
162 105
177 20
118 44
197 17
165 61
126 75
180 144
147 98
197 142
100 11
143 34
25 86
110 140
191 108
123 132
10 9
76 44
89 107
183 156
147 95
169 101
65 159
110 131
134 195
20 72
75 15
162 19
72 70
8 12
141 63
44 15
119 101
97 71
153 30
53 27
